ангельская 9, 35, 56, 58, 59, 277, 332, 351, 368.3, 413, 424, 444, 484, 491, 512, 513, 594, 620, 668, 694, 740, 744, 745, 768, 804, 862, 906, 966.1, 966.2, 971, 982.4, 1005, 1013, 1039, 1042, 1195, 1271.1, 1271.2, 1289, 1292, 1293, 1294.2, 1404, 1646-1650, 1678, 1684, 1765.1, 1768, 1793.1-1793.4, 1829, 1855, 1995, 1997, 2035, 2054, 2076, 2077, 2080, 2096-2099, 2101, 2110, 2112, 2113, 2115.1-2115.5, 2130.1, 2149, 2161, 2167, # 123
арабская 413
баўгарская 614.1, 614.3, 745, 1135, 1855, 2130.1
верхнялужыцкая 2130.1
вугорская 2035
галяндзкая 2035
гішпанская 600, 1293, 2035, # 59
грэцкая 910, 1272, 1273, 1768, 1784, 1931.1.2, 2035, # 25
дацкая 2035, # 116
ідыш 183.18, 981, 1172, 1641, 1750, 1881, 1926, 1976, 2124
індзейскія 1495
іракеская 1495
італійская 183.7, 1292, 1293, 1499, 1500, 1768, 1860, 2035, # 15  
іўрыт 1931.1.2
караімская 551
крымскататарская 160, 563, 790, 791
латыская 1172, 2035, 2124, # 1
лацінская 53.1-53.3, 55, 67.3, 77, 79, 150, 172, 183.6, 183.7, 183.9, 183.12, 183.13, 183.20, 190, 191.7, 303, 312, 328, 347, 351, 394, 449, 451, 541, 573, 610, 644, 691, 693, 831, 853, 855.3, 855.4, 892.1-892.3, 1008.2, 1008.3, 1023, 1069, 1094.3, 1108, 1114, 1132.1.1, 1287.1, 1307, 1308, 1314, 1332, 1413, 1421, 1453.1, 1572, 1579.1.2, 1642, 1738-1740, 1760-1762, 1768, 1784, 1793.1-1793.4, 1867.3, 1931.1.2, 2055, 2088.2, 2094.1.1, 2103.1, 2110, 2117, 2136, 2156.3, # 11, 25
летувіская 1172, 1294.4, 1314, 1586, 1587, 1999, 2035, 2064, 2124, # 90
лужыцкія 1135, 2130.1
македонская 1135, 2130.1
нарвэская 2035
ніжнялужыцкая 2130.1
нямецкая 125, 183.7, 183.16, 350, 360, 361.1, 361.2, 361.4, 361.5, 387, 388, 480, 592, 643, 966.1, 966.2, 1042, 1121, 1122-1125, 1135, 1172, 1292, 1293, 1294.3, 1477, 1684, 1768, 1855, 2002, 2005, 2010-2012, 2025, 2035, 2067, 2086, 2087, 2110, 2115.1-2115.5, 2124, 2130.1, 2140, # 5, 6, 22, 43, 44, 76, 128
партугальская 2035
польская 27, 62.1.1, 232, 312, 392, 451, 515, 588, 592, 598.2, 599, 633, 687.1-687.3, 708, 745, 860, 898, 999, 1012, 1135, 1154, 1172, 1201, 1292, 1325, 1331, 1464, 1522.2, 1584, 1768, 1808, 1855, 1994, 2001.1, 2001.2, 2005, 2020, 2022.1, 2022.3, 2027, 2029, 2035, 2037, 2040, 2041, 2042.1, 2042.2, 2048, 2053, 2059, 2070-2072, 2078, 2085.5, 2094.1.1, 2095, 2103, 2103.1, 2105, 2108, 2111, 2117, 2121, 2124, 2125, 2127, 2130.1, 2133, 2134, 2146, 2175, # 7, 11, 79, 82, 83, 122, 124
расейская 5, 9, 25, 27, 31, 35, 41.3, 53.1, 54-56, 58-61, 62.1.1, 67.1-67.3, 72, 76, 77, 83, 93.1, 106, 107, 113, 123, 124, 132, 150, 162-169, 172, 176, 180, 182, 183.1-183.23, 190, 221, 228, 233, 235, 236, 252, 253, 259, 265, 283, 293.3, 293.5, 294.3-294.6, 302, 305, 306, 309, 311.1, 312, 313, 313.1, 314, 318, 319, 329, 332, 334.2, 340, 343, 347, 351-353, 368.3, 392, 394, 397, 411-413, 441, 442, 445, 449, 456, 458-460, 479, 501, 502, 505.1, 507, 510, 512, 513, 518.1, 518.2, 523, 542, 543, 549, 556, 562, 566, 573, 587, 589, 592, 594, 598.1, 598.2, 599, 610, 617, 624, 626, 627, 635, 640, 641, 644-660, 666, 667, 673.1, 674, 677, 678, 678.2, 678.2.1, 680.2, 684.3, 686, 690, 691, 693-695, 706, 717, 721, 739, 741, 745, 747, 757, 766.5, 768-775, 777-779, 781, 792, 829, 846, 850, 851, 855.1-855.5, 856, 858, 862, 876, 902, 906, 912, 919, 920-922, 930, 931, 945.1.2, 945.1.3, 946.1.2, 946.1.3, 947.2, 947.3, 948.4, 948.5, 953, 961, 966.1, 966.2, 975, 981, 982.5, 1001, 1005, 1008.2, 1010, 1012, 1013, 1015-1017, 1023, 1031, 1040, 1042, 1048, 1052, 1053, 1067, 1094.1-1094.3, 1098, 1100, 1108, 1110, 1119.2, 1120, 1121, 1131, 1132.1.1, 1135, 1137, 1140, 1143-1145, 1151, 1171, 1172, 1189, 1214-1216, 1226, 1230, 1231, 1287.1-1287.3, 1290, 1292, 1293, 1301-1306, 1308, 1309, 1311, 1312, 1314, 1319, 1323, 1325, 1332-1367, 1369-1393, 1397, 1398, 1403, 1404, 1410, 1414-1416, 1419, 1421, 1432, 1435, 1447, 1450, 1453.1, 1473, 1476, 1477, 1479, 1482, 1483, 1484.1, 1484.2, 1492, 1496.1, 1496.4-1496.9, 1500, 1503, 1510, 1511, 1514, 1515, 1519-1521, 1522.2, 1524, 1564, 1575, 1579, 1581, 1582, 1584, 1585, 1592, 1594, 1595, 1601, 1602, 1612, 1613, 1619.1-1619.4, 1620, 1621, 1631, 1642, 1642.2, 1652, 1661, 1662, 1674, 1677, 1678, 1684, 1695, 1709-1711, 1715, 1722, 1725, 1738-1741, 1750, 1751, 1756, 1757, 1762, 1765.1, 1765.2, 1768, 1793.1-1793.4, 1808, 1812, 1831, 1848-1850, 1855, 1859, 1861.1, 1867.3, 1867.4, 1877-1879, 1881, 1891, 1895, 1900.5.2, 1900.5.3, 1902.1, 1904, 1926, 1927, 1929, 1932, 1940, 1953.2, 1954, 1960-1962, 1964, 1971, 1974, 2001.1, 2001.3, 2005, 2010, 2031, 2035, 2037, 2055, 2064, 2072, 2076, 2110, 2113, 2115.1, 2115.2-2115.5, 2117, 2124, 2125, 2130.1,    2133-2136, # 14, 22, 31, 66, 68, 82, 85, 93, 96, 106, 117, 119, 122
румынская 2035
славацкая 745, 1135, 2035, 2130.1
славенская 1135, 2035, 2130.1
славянская 1931.1.2
стараславянская 575, 867, 1428, 1800.2
сэрбска-харвацкая 614.2, 614.3, 1135, 2035, 2130.1
сэрбская 745
турэцкая 1703
украінская 63, 72, 150, 329, 343, 352, 599, 706, 739, 745, 874, 975, 1012, 1108, 1110, 1135, 1325, 1461, 1520, 1594, 1855, 2035, 2113, 2115.1-2115.5, 2130.1, # 81
фінская 2035
француская 183.7, 413, 966.1, 966.2, 1042, 1292, 1293, 1294.1, 1294.5, 1757, 1768, 2031, 2035, 2110, 2117, 2130.1, 2145, # 26, 56
царкоўнаславянская 1461, 2136, # 25, 82
чэрокі 1495
чэская 745, 1135, 1154, 2035, 2130.1
швэдзкая 2035, # 107
эвэ 1931.1.1
эспэранта 1187
эстонская 2035
японская 832

адверніцкая м. 1006
афенскі гаўрыднік 1325
выцірняцкі гаўрыднік 1325
гаўрыднік 1325
злодзейскі жаргон 1267
катрушніцкі лемезень 1323, 1325, 1326
кубрацкая м. 502
лемез 1325
лемезень 1323, 1325, 1326
лемент 1326
ліберскі гаўрыднік 1325
любейская м. 1017
любецкая (старэцькая) м. 1665
любецкі лемент 1325, 1326
«лягерная» расейская м. 624
моладзевы слэнг 292
патрушыцкі лемез 1325
перамешчаных асобаў слэнг 1493
старэцькая (любецкая) м. 1665
турэмны жаргон 1436
шубрэйская м. 502
