Адэса 1110
Амстэрдам 2084
Бабруйск 1534
Баўлдэр (Каларада, ЗША) 2173
Белавежа 2057
Беласток 121, 209, 382, 383, 633, 811.2, 942, 1188, 1225, 1247, 1446, 1991, 2057, 2065, 2075, 2079, 2083, 2104, 2107, 2125, 2133
Берасьце 47, 71, 97, 137, 141, 398, 530,615, 621,686, 1048, 1069, 1340, 1343, 1356, 1382, 1491, 1503, 1667, 1708, 1848, 1849, 2138
Блумінгтан (штат Індыяна, ЗША) 2170
Бон 2035.1-2035.7
Бранск 1663
Браслаў 320, 628
Брно (Чэхія) 2109
Бэрлін 781, 2023, 2058, 2067, 2176
Бяроза 692.1
Варшава 19.1, 158, 159, 185, 185.1, 232, 268, 669, 671, 692, 898, 995, 1165, 1331, 1435, 1994, 1998.1-1998.6, 2000, 2007, 2008, 2024, 2026, 2033, 2035.1-2035.20, 2036, 2041-2043, 2045, 2046, 2046.1, 2048.2, 2050-2053, 2059-2061, 2063, 2073, 2074, 2078, 2085, 2088, 2090, 2094.1, 2103, 2105, 2106.1, 2108, 2111, 2114, 2118.4.1, 2118.4.1.1, 2119, 2120, 2126, 2128, 2131, 2132, 2134, 2135, 2139, 2146, 2148, 2150-2152, 2155, 2160, 2166, 2171, 2175, 2177
Ватэнштэт (Нямеччына) 1493
Вільня 31, 41, 42, 78, 100, 107, 131, 286, 312, 337, 411.1, 412, 430, 451, 457, 506, 520, 575, 669.1.1, 758, 978, 1107, 1116, 1133, 1201.1, 1213, 1219, 1220, 1248, 1289, 1293, 1321, 1325, 1432, 1529, 1535, 1561, 1563, 1568, 1576, 1578.1, 1580, 1584.1, 1658, 1764, 1782, 1830, 1936, 1990, 2013.1, 2014.1, 2015.1, 2016, 2017, 2020, 2022, 2027, 2030, 2039, 2055, 2064, 2068, 2089, 2142, 2143, 2153, 2154, 2156, 2159, 2164, 2172
Вісбадэн (Нямеччына) 1996, 2047
Віцебск 36, 77, 77.1, 83, 302, 325, 640, 643, 646, 648, 654, 655, 677, 678.1, 678.2, 1134, 1134.1, 1199, 1211, 1212, 1265, 1360, 1378, 1389, 1449, 1537-1543, 1546, 1547, 1549, 1859
Вроцлаў (Брэслаў) 1998.1-1998.3,2005, 2028, 2050, 2051, 2085, 2108, 2134, 2175
Гайдэльбэрг (Нямеччына) 2169
Гамбург 2115
Гданьск 1998.1, 1998.2, 2050, 2051, 2085, 2175
Гомель 65, 67, 69, 206, 448, 492, 531, 613, 614, 626, 773, 820, 892, 908, 910, 986.7, 986.8, 1024, 1109, 1364, 1388, 1390, 1421, 1431, 1550, 1564, 1570, 1571, 1634, 1684, 1765, 1825
Горадня 39, 120, 139, 140, 144, 304, 326, 351, 393, 399, 485-487, 556, 617, 666, 742, 774, 884, 906, 1010, 1019, 1087, 1155, 1156, 1189, 1200, 1268, 1269, 1308, 1319, 1433, 1463, 1505, 1533, 1623, 1626, 1630, 1635, 1643, 1645, 1716, 1717, 1796, 1797, 2034
Горкі 303, 394, 541, 771, 812, 1008, 1114, 1114.1, 1638, 1751
Госьляр (Нямеччына) 183.9.1, 183.9.1.1
Грац (Аўстрыя) 2021
Гэйнсьвіл (штат Флорыда, ЗША) 1273
Елгава (Мітава, Латвія) 446
Жодзіна 1861.1
Івана-Франкоўск (Станіславаў) 2009
Камаруў (Польшча) 2009.1
Катавіцы (Польшча) 2001
Кёльн 2021
Кіеў 231, 231.3, 234, 507, 575.4, 575.8, 591, 867.1, 867.3, 1115, 1320, 1461, 1461.1, 1461.2, 1654, 1687, 2168
Кліўлэнд 424, 624, 1468, 1790
Коўна 1, 23, 40, 313, 313.1, 330, 331, 347, 482, 518, 573, 575.2, 582, 678.2.1, 837, 852-857, 1044, 1107.2.1, 1210, 1713, 1792, 1810, 1818, 1858, 2013
Кракаў 1998.1-1998.3, 2004,2015, 2028, 2029, 2032, 2048.1, 2050, 2051, 2056, 2069, 2108, 2085, 2116, 2134, 2144, 2166.2, 2175
Курнік (Польшча) 2161
Куцейна (Ворша) 231.1
Кэмбрыдж 2081
Лёндан (Вялікая Брытанія) 199.1.1, 400, 550, 554, 575.7, 1253, 1257, 1311, 1640, 1995, 2019, 2038.1, 2082, 2102, 2103.7.1.1, 2113, 2123, 2127, 2149, 2174, 2144.1
Лёндан (Канада) 1285
Ліда 891, 2147, 2158, 2158.1
Лінц над Дунаем (Аўстрыя) 1271
Лодзь 2044, 2050, 2085
Львоў 877, 2009, 2092, 2093
Лэнгэм (штат Мэрылэнд, ЗША) 2174
Люблін 2118.4, 2121
Любча 2118
Лейдэн (Нідэрлянды) 2066
Ляйпцыг 2091, 2124, 2176
Магілёў 10, 38, 51, 82, 202, 309, 348, 355, 356, 356.1, 397, 467, 588.1, 647, 650-653, 658, 719, 722-728, 730-732, 734, 858, 961, 962, 1001, 1006, 1046.1, 1046.2, 1047, 1132, 1174, 1277, 1322, 1323.1-1323.3, 1324, 1324.2, 1328, 1346, 1347, 1355, 1357, 1397, 1423, 1477, 1490, 1509, 1519, 1545, 1553, 1559, 1835, 1840, 1935, 1988
Мазыр 251, 496, 525, 661, 836, 838, 902, 1146, 1206, 1215, 1502, 1904
Маладэчна 117, 118
Манрэаль 2145
Масква 72, 150, 163, 220, 222, 225, 226, 261, 314, 318, 329, 342, 344, 352, 408, 445, 505.3, 557, 564, 591.2, 618, 637, 669.2.1, 706, 739, 778, 811.1, 866, 867, 933, 975, 977, 1108, 1158, 1310, 1312, 1326, 1374, 1394, 2157.1, 2176.1, 1475, 1478, 1516, 1520, 1679, 1681, 1754.1, 1845, 1871, 1906
Менск 2-9, 11-13, 15-22, 25-29, 32-35, 37, 43-46, 48-56, 58-61, 63, 64, 66, 68, 70, 73-76, 79-81, 81.1, 84-95, 98, 99, 101-106, 108-116, 119, 122-124, 126-130, 132-136, 138, 142, 143, 145-149, 151-157, 160-162, 163.1, 164-173, 174.1, 175-183, 183.3.1, 185, 185.1, 186-194, 194.1, 195, 197-200, 200.1, 201, 204, 205, 207, 207.1.1, 207.2.1, 208, 210-213, 213.1.1, 214, 217-219, 221, 223, 224, 227-230, 233, 235-247, 249, 250, 252-256, 258-260, 262-264, 266, 267, 269-280, 282-285, 286.1, 287-296, 297.3.1, 298-300, 305-308, 310, 311, 312.1, 315-317, 319, 322-324, 332-336, 339-341, 341.1, 343, 345, 346, 349, 350, 353, 354, 357-362, 364-381, 384-391, 395, 396, 403, 407, 408.1, 408.2, 409, 410, 410.1, 412.2, 413-423, 425-429, 431-444, 447-149, 452-454, 456, 458-466, 468-481, 483, 488-491, 493-495, 497-501, 508, 510-514, 516-519, 521-524, 526, 528, 529, 532-540, 542-549, 551-553, 555, 558, 559-561, 563, 565-572, 574, 575.5, 575.6, 576-581, 583, 584, 586, 587, 588.2, 589, 590, 593-597, 600-607, 609-612, 616, 619, 620, 622, 623, 624.1, 625, 627, 629-632, 634-636, 638, 639, 641, 644, 645, 649, 656, 657, 659, 660, 662-665, 667, 668, 676, 679-685, 687, 690, 691, 693-705, 707-711, 713-717, 720, 721, 729, 733, 735-738, 740, 741, 743, 744, 746-757, 759-770, 772, 775-777, 779, 780, 782-809, 811.3, 813-817, 819, 821, 822, 822.2, 823, 824, 824.1, 825, 826-831, 833-835, 837.1, 839-851, 855.6-855.8, 859, 861-863, 865, 867.2, 868-876, 878-883, 885-890, 894-897, 899-901, 903-905, 907, 909, 911-922, 924-932, 935-941, 943, 944, 946-952, 954-960, 963-974, 979-985, 986.1-986.6, 987-994, 996-999, 1002-1005, 1007, 1009, 1011.1, 1011.2, 1012-1015, 1020-1023, 1025-1043, 1045, 1049-1068, 1070, 1071, 1073, 1074, 1076-1082, 1084, 1085, 1089, 1090, 1092-1098, 1098.1, 1099-1106, 1107.2.2, 1111-1113, 1120.2, 1121-1125, 1128, 1130, 1131, 1136-1154, 1157, 1159-1164, 1164.5, 1166, 1167, 1168.1, 1168.2, 1169-1171, 1173, 1175, 1176-1187, 1190, 1192, 1194, 1196-1199, 1201.2, 1202-1205, 1207-1209, 1214, 1216-1218, 1221, 1222, 1224, 1226, 1228-1231, 1231.1, 1232-1239, 1242-1246, 1249-1252, 1252.2, 1254, 1255, 1258-1263, 1266, 1267, 1271.3, 1274-1276, 1278-1284, 1286, 1287, 1290, 1292, 1294, 1296-1307, 1309, 1313, 1314, 1316-1318, 1327, 1329, 1330, 1332-1339, 1341, 1342, 1344, 1345, 1348-1354, 1358, 1359, 1361-1363, 1365-1373, 1374.1-1374.3, 1374.8, 1375-1377, 1379-1381, 1383-1387, 1391-1393, 1395, 1396, 1398-1400, 1402-1407, 1409, 1411-1420, 1422, 1424-1426, 1428.2, 1429, 1430, 1436-1445, 1447, 1448, 1450, 1452-1454, 1454.1, 1456-1459, 1461.3, 1462, 1465-1467, 1469-1474, 1476, 1479, 1481-1489, 1492, 1494, 1495, 1495.1, 1496-1501, 1504, 1507, 1508, 1510-1512, 1514, 1515, 1517, 1521-1525, 1530, 1532, 1536, 1544, 1548, 1552, 1555, 1557, 1561, 1562, 1565, 1565.2, 1566, 1567, 1572, 1573.1, 1574.1, 1576.1, 1577.1, 1578.2, 1579, 1579.4, 1579.5, 1580.1, 1581.3, 1582.2, 1583.1, 1584.2, 1585.1, 1588-1593, 1596-1614, 1616-1620, 1622, 1624, 1625, 1627-1629, 1631-1633, 1636, 1637, 1639, 1641, 1642, 1644, 1646, 1653, 1655-1657, 1659-1662, 1666, 1668-1678, 1680, 1682-1686, 1689-1696, 1698, 1700, 1701, 1701.1, 1702, 1704-1707, 1709-1712, 1713.1, 1714, 1715, 1718-1723, 1725, 1726, 1728-1740, 1742-1750, 1752, 1753, 1754.3-1754.5, 1755-1762, 1766-1773, 1775-1781, 1783-1789, 1791, 1792.1, 1793-1795, 1798-1800, 1802-1805, 1807-1809, 1811-1817, 1819-1824, 1826-1828, 1831-1833, 1836-1839, 1841-1844, 1846-1849, 1851.1.1.1, 1854, 1854.1, 1855, 1856.1, 1860-1869, 1872-1890, 1891.1, 1892-1897, 1897.6, 1899, 1899.1, 1900, 1901, 1901.1, 1902, 1903, 1905, 1907-1934, 1937-1944, 1944.1, 1945-1947, 1947.1, 1948-1962, 1964-1974, 1976-1989, 1999, 2010-2012, 2018.2.1, 2021.1, 2022.5, 2022.5.2, 2031, 2045.1, 2070-2072, 2076, 2077, 2094.2, 2096-2099, 2110, 2112, 2122, 2156.4.1, 2167, 2022.5.1,  2033.1.1, 2118.6, 2143.2
Мэльбурн 1120.3, 1193, 1408, 1573, 1574, 1585, 1724, 2086, 2087
Мюнхэн 214, 297.1, 297.2, 450, 451.1
Наваградак 2178
Наваполацак 1216.1, 1227
Непакалянуў (Польшча) 1127
Нью Гэвэн (штат Канэтыкат, ЗША) 1997
Нью Ёрк 297.2, 297.3, 548, 575.7, 688, 942, 1126, 1223, 1270, 1285, 1291, 1427, 1428.1, 1428.2, 1575, 1577, 1579.2, 1579.3, 1581.1, 1581.2, 1582.1, 1583, 1697, 1703, 1724, 1801, 1829, 1993, 1995, 2018, 2019, 2037, 2113, 2161, 2163, 2165
Нямеччына 514.1,712, 1763
Оксфард 2157, 2173
Осла 2140, 2141
Парыж 24, 215, 363, 401, 402, 404-406, 550, 598, 599, 608, 864, 1191, 1256, 1401, 2117, 2145
Пінск 2137
Познань 2003, 2062, 2095, 2129, 2130, 2160.0.1, 2168.1, 2179-2181
Полацак 104, 1460
Прыазёрск (Казахстан) 1891
Рыга 592, 1172, 2006
Сан Франныска 2173
Саўт Рывэр (штат Нью Джэрзі, ЗША) 1513
Скоп’е 1135
Слонім 281, 1615
Смаленск 96, 411, 503, 504, 527, 585, 923, 1480, 1526, 1727, 1852, 1853,1857
Санкт-Пецярбург 62.1, 62.2, 226, 231.2,    301, 321, 327, 328, 338, 248.1, 265, 408, 502, 505.1-505.3, 509, 515, 562, 575.1, 591.1, 670, 669.3,    673-675, 689.1, 689.2, 718, 745, 818, 860, 893, 934, 953, 976.1, 976.2, 977, 1000, 1016, 1017, 1091, 1117-1119, 1119.1, 1119.2, 1120, 1120.1,    1129, 1288, 1295, 1315, 1323, 1323.4, 1324.1, 1410, 1434, 1451, 1455, 1464, 1518, 1569, 1594, 1595, 1621, 1621.1, 1664, 1699, 1741, 1850, 1850.1, 1851, 1851.1.1, 1851.2.1, 1856, 1870, 2156.2.1
Стоўпцы 1086
Страсбург 2002
Стэмфард (штат Канэтыкат, ЗША) 392
Сырак’юз (штат Нью Ёрк, ЗША) 1272
Сьветлагорск 1072, 1240, 1241, 1806
Сьвідніца (Польшча) 2049
Сэнтрал Скўэар (штат Нью Ёрк, ЗША) 1270
Талін (Рэвель) 1688
Тарнуў (Польшча) 2009
Таронта 642, 1506, 2101
Тбілісі (Тыфліс) 455
Токіё 832
Тураў 1424
Упсаля (Швэцыя) 2136
Чарнігаў 1554, 1665, 248
Чыкага 2100
Шэфілд (Вялікая Брытанія) 2080
Эры (штат Пэнсылвэйнія, ЗША) 2054
