1596	575
1618	2118
1619	2118.1
1620	2118.2
1621	2118.3
1627	231
1629	2118.4
1634	2118.5
1653	231.1
1684	2136
1705	2136
1728	2092, 2093
1789	2060
1820	1475
1822	618
1836	1703
1839	2091.1-2091.4
1840	2091.5, 2117
1841	2091.6-2091.8
1842	1856, 2091.9, 2118.4.1
1844	301.1
1845	301.2, 301.3, 2020, 2091.10
1846	509, 2022
1847	2156
1849	231.2, 575.1
1850	961, 962, 2009
1852	446, 515, 1117, 1871
1853	62.1, 1129, 1295, 1852, 1853, 1870
1854	62.2, 1016, 1118, 1519, 2118.4.1.1
1855	248
1856	1464, 2062
1857	689.1
1858	689.2, 1464.1, 2109
1861	976.2
1863	976.1
1864	527, 2156.2.1
1865	131, 1687
1866	430, 1219, 1220, 1535, 2045
1867	337, 1119, 1518, 2168
1868	1087
1869	1119.1
1870	100.2, 1120, 1528
1871	100.1, 1115.1, 1133, 1782
1872	31.1,42, 1115.2
1873	41, 1529, 1850
1874	31.2, 451, 1091, 1119.2, 1850.1, 2168.1
1875	31.3
1876	2053, 2078, 2166
1877	1315, 1532, 1536.1
1878	31.4, 2135
1879	31.5, 2046, 2046.1, 2180.1
1880	31.6, 1620, 2132.1, 2180.2
1881	1120.1, 1621, 1621.1, 2029, 2132.2, 2180.3
1882	1132.1, 1132.2, 1433, 2132.3, 2180.4
1883	31.7, 1906,2132.4, 2180.5
1884	867, 1132.3, 1432, 2132.5, 2180.6
1885	1320, 1569, 2132.6, 2180.7
1886	31.8, 338, 1320, 2132.7, 2166.2
1887	328, 2008, 2132.8
1888	31.9, 77, 327, 1288, 1461, 1594, 2094.1.1, 2132.9
1889	1461.1, 1536.2, 2132.10
1890	31.10, 77.1, 265, 1047, 1323, 1323.1, 1326, 1410, 1533, 2132.11
1891	31.11, 505.1, 1595, 2094.1.3
1892	31.12, 1554, 2132.12
1893	31.13, 505.2, 1547, 1851.1, 2132.13
1894	31.14, 505.2, 505.3
1895	31.15, 321, 1663
1896	144, 455, 507
1897	502, 670, 675, 934, 1688, 2144
1898	31.16, 692, 933
1899	31.17, 2004, 2007.1
1900	36, 39, 1134.1, 1323.2, 2004, 2007.2, 2007.3, 2056, 2132.15.1
1901	455.1, 1006, 1323.3, 1323.4, 2007.4, 2007.17
1902	1324, 1324.1, 1851.2, 2002, 2007.5, 2132.15.2
1903	37, 40, 505.4, 669.1, 671, 673.1, 674, 1322, 1324.2, 1526, 1699, 1851.2, 2007.6, 2048.1
1904	31.18, 248.1, 591, 669.1.1, 1664, 2007.7, 2160.1
1905	457, 1213, 1525, 1717, 2007.8, 2160.2
1906	31.19, 1549, 2007.9, 2160.3
1907	31.20, 673.2, 953, 1394, 2007.10, 2007.11, 2048.2, 2160.4
1908	38.1,506, 669.2, 673.3, 1046.1, 1116, 1530, 1990, 2007.12, 2160.5
1909	31.21,38.2, 1658, 1963, 2007.13, 2160.6
1910	31.22, 591.1, 1046.2, 1107.1.1, 1321.1.1, 1435, 1553, 2160.7
1911	978, 1107.1.2, 1248, 1455, 1537-1543, 1546, 1563, 1716, 2007.14, 2160.8
1912	31.23, 1107.1.3, 1289, 1321.1.2, 1321.2, 1325, 1552, 2007.15
1913	1000, 1107.1.4, 1936, 2007.16, 2015, 2160.10
1914	31.24, 445, 504, 1544, 1545, 2160.11
1915	31.25, 591.2, 1451, 2160.12
1916	503, 2160.13
1917	2160.14, 2172.1
1918	411, 2124, 2172.2
1919	412, 579, 1176, 2073
1920	411.1, 628, 1083
1921	107, 182.1, 411.1, 412.1, 2055
1922	182.2-182.8, 183.1, 669.3, 781
1923	23, 183.2-183.4, 330, 331, 482, 518, 853, 856, 857, 1818
1924	1, 124, 183.5, 183.6, 312, 347, 408, 573, 575.2, 758, 855, 1107.2.1, 1210, 1548, 1810, 2128.4
1925	26, 313, 412.2, 514, 677, 678.2.1, 852, 854, 1044, 1762, 2014, 2142
1926	123, 124.1, 183.7-183.10, 309, 313.1, 345, 408.1, 678.1, 837, 923, 981, 1214, 1413, 1450, 1578.1, 1713, 1792, 1881, 1926
1927	183.11-183.18, 303, 394, 397, 541, 581, 582, 678.2, 890, 1008, 1092, 1231, 1235, 1311, 1434, 1550, 1638, 1718, 1741, 2176
1928	183.18, 183.19, 410, 695, 715, 1098, 1107.2.2, 1151, 1235, 1309, 1800, 1833, 2088
1929	183.20, 183.21, 262, 340, 341, 362, 520, 583, 714, 1097, 1114, 1235.1, 2013, 2027, 2030, 2039
1930	25, 96, 183.22, 183.23, 286, 644, 672, 818, 831, 1201.1, 1576, 1584.1.1, 1639, 2153
1931	855.7, 1067, 1098.1, 1231.1, 1584.1.2, 2160.15
1932	1641, 1711, 1750, 1760, 1761, 1976
1933	283, 1711, 2122
1934	1399, 1606, 1999
1935	1226, 1524, 1737, 2033, 2141, 2178
1936	436, 562, 1680.1, 2095, 2137, 2143
1937	619, 977, 1338, 1524.1
1938	254, 494, 1568.1, 1568.2, 2103, 2140, 2171
1939	194, 1568.3-1568.5, 1680.2, 2140, 2147, 2150, 2154, 2158
1940	533, 1834
1941	125, 2005
1942	205, 1124.1-1124.9, 2067
1943	595, 1094, 1124.10-1124.16, 1605, 1756
1944	281, 592, 1579
1946	575.3, 1271
1947	215, 224.1, 1191, 1890
1948	363, 404, 569, 1493, 1610, 1712, 1763
1949	183.9.1, 514.1, 550.1.1, 550.1.2, 1754.1, 1754.2
1950	183.9.1.1, 402, 550.1.3, 598, 608, 712, 1727, 1754.3
1951	550.1.4-550.1.8, 599, 841
1952	550.1.9-550.1.13, 1291, 1579.2, 1579.3, 1581.1, 1582.1.1
1953	24, 550.1.14-550.1.18, 608.1, 1158, 1374, 1579.3, 1581.2, 1582.1.2, 1582.1.3, 2044
1954	406, 550.1.19-550.1.23, 1256, 1312, 1440, 1838, 1857, 2059, 2165
1955	224.2, 550.1.24-550.1.26, 669.2.1, 1025.1, 1202, 1270, 1440.1, 1754.4, 1838.1, 1839, 1997
1956	206, 344, 550.1.27, 993, 1401, 1440.2, 1441, 1557, 1838.2
1957	8, 80.1, 194.1, 207.1, 209, 405, 550.1.28, 637, 864, 1054, 1440.3, 1441.1, 1611, 1838.3, 1860
1958	213.1, 575.7, 585, 780, 1075, 1110, 1440.4, 1441.2, 1838.4, 1943, 1993, 2014.1, 2015.1, 2047, 2113
1959	207.1.1, 213.1.1, 221, 349, 1075, 1204, 1224, 1440.5, 1441.3, 1635, 1754.5, 1838.5, 1851.1.1.1, 1948.1, 2028, 2086, 2102
1960	153, 295, 477, 536, 554, 580, 606, 623, 990, 1238, 1275, 1296, 1310, 1440.6, 1441.4, 1574, 1602, 1838.6, 1945, 1948.2, 1950, 1952, 1955, 1975, 2058, 2144.1, 2181
1961	80.2, 159, 200, 231.3, 612.1, 718, 1440.7, 1441.5, 1444, 1770.1, 1953, 2013.1, 2016, 2021, 2035.8-2035.20, 2087
1962	33, 163, 207.2, 261, 589, 612.2, 693, 735, 1441.6, 1444.1, 1445, 1514.1, 1559, 1573, 1681, 1769, 1770.2, 1929, 2017, 2035.1-2035.7, 2105, 2108
1963	158, 226, 238, 297.1.1, 383, 521, 612.3, 938, 1274, 1426, 1441.7, 1444.2, 1445.1, 1465.1-1465.8, 1514.2, 1585, 1972, 1996, 2023, 2059.1
1964	105, 224.3, 232, 297.1.2, 400, 424, 550.1.29, 550.1.30, 575.4, 612.4, 736, 867.1, 939, 1111.1, 1266, 1444.3, 1445.2, 1461.2, 1465.9-1465.12, 1514.3, 1640, 1951.1, 1972.1
1965	16, 17, 105.1, 424, 460, 612.5, 707, 711.1-711.7, 939.1, 1111.2, 1266.1, 1444.4, 1445.3, 1465.13, 1465.14, 1484, 1514.4, 1817, 1922, 1928, 1951.2, 1972.2, 1986, 2035.8-2035.20
1966	105.2, 148, 237.1, 297.2, 424, 537, 612.6, 711.8-711.14, 769, 897.2, 939.2, 1101, 1111.3, 1140, 1223, 1237, 1266.2, 1444.5, 1445.4, 1514.5, 1593.1-1593.4, 1607, 1829, 1842, 1909, 1945.1, 1951.3-1951.6, 1972.3, 2074
1967	12, 105.3, 159.1, 220, 424, 612.7, 691, 711.15-711.19, 742, 939.3, 970, 1111.4, 1131, 1264.1, 1266.3, 1444.6, 1445.5, 1481.1-1481.4, 1481.6, 1481.7, 1481.9, 1481.11-1481.23, 1481.24.1, 1481.25-1481.40, 1514.6, 1593.5-1593.10, 1608, 1748, 1951.7, 1954, 1972.4
1968	12.1, 18, 72, 78, 94.1, 101.1, 105.4, 150, 186.1, 186.2, 224.4, 241, 314, 318, 329, 352, 424, 540, 575.7.1, 612.8, 630, 706, 711.20-711.22, 739, 778, 866, 939.4, 975, 1108, 1111.5, 1195, 1266.4, 1444.7, 1445.6, 1481.5, 1481.7, 1481.8, 1481.10-1481.12, 1481.24.1, 1481.24.2, 1481.27, 1481.28, 1481.31, 1481.32, 1481.38, 1481.40, 1514.7, 1520, 1593.11-1593.18, 1632, 1679, 1777, 1888, 1946, 1951.8-1951.10, 1972.5, 2113.1, 2134
1969	12.2, 63, 105.5, 186.3-186.5, 187.1, 237.2, 460.1, 612.9, 711.23, 711.24, 859, 869, 938.1, 939.5, 968, 991.1-991.3, 1111.6, 1222, 1266.5, 1442, 1445.7, 1468, 1495, 1514.8, 1790, 1798, 1902, 1917, 1972.6, 2107, 2155, 2159
1970	105.6, 186.5-186.9, 187.2, 199.1, 200.1.1, 207.2.1.1, 234, 280, 299, 310, 366, 458, 550.1.31, 612.10, 872, 939.6, 987.1, 991.4-991.6, 1111.7, 1138, 1157, 1159, 1203, 1272, 1381, 1408, 1442.1, 1556, 1622, 1628, 1843, 1945.2, 1948.3, 1972.7, 1985, 2163
1971	2, 15, 70, 101.2, 105.7, 175, 186.9-186.11, 187.3, 187.4, 199.1.1, 310.1, 550.1.32-550.1.34, 682, 865, 897.1, 897.3, 991.7, 991.8, 1061, 1111.8, 1138.1, 1253, 1286, 1304, 1442.2, 1609, 1815.1, 1815.2, 1864, 1959, 1973, 1981
1972	30, 94.2, 105.8, 148.1, 186.11, 187.5, 187.6, 267, 297.3, 310.2, 310.3, 676, 893, 991.9, 991.10, 1062, 1101.1, 1111.9, 1138.2, 1257.1, 1257.2, 1442.3, 1466, 1614, 1629, 1636, 1724, 1815.3, 1815.4, 1925.1, 1954.1, 1973.1, 2100, 2157, 2175
1973	105.9, 170, 187.7, 187.9, 242, 263, 358, 420, 433.1, 450, 531, 550.1.35-550.1.37, 614, 685, 777.1, 963, 991.11-991.13, 1049, 1111.10, 1136, 1138.3, 1154, 1198, 1257.3, 1264.2, 1272.1, 1313, 1330, 1443, 1494, 1577, 1583, 1634, 1947, 1973.2, 2082, 2123
1974	121, 187.10, 187.11, 213.2, 224.5, 310.4, 539, 550.1.38, 633, 932, 949, 972, 987.2, 991.14, 991.15, 1014, 1025.3, 1060, 1111.11, 1139, 1197, 1443.1, 1471, 1480.1, 1778, 1925.2, 1973.3, 2038.1, 2051, 2101.1, 2103.7.1.1, 2149, 2170
1975	46, 85, 129, 145, 154, 161, 187.8, 187.12, 193, 240, 310.5, 433.2, 433.3, 453, 458.1, 516, 553, 700, 737, 753, 787, 806, 879, 900, 927, 985.1, 998, 1065, 1111.12, 1139.1, 1175, 1218, 1259, 1297, 1443.2, 1472, 1478, 1729, 1730, 1799, 1841, 1863, 1886, 1918, 1973.4, 1983, 1989, 1995, 2132.17
1976	28, 45, 91, 101.3, 146, 187.13, 192, 239, 250, 264.1, 266, 284, 310.6, 316, 385, 460.2, 698, 710, 738, 751, 784, 785, 805, 873, 894, 901, 914, 925, 936.3, 985.2, 996, 1027, 1076, 1101.2, 1111.13, 1139.2, 1169, 1178, 1252, 1261, 1264.3, 1300, 1438, 1443.3, 1735, 1775, 1783, 1795, 1844, 1921, 1945.3, 1962, 1973.5, 2066, 2080, 2132.17
1977	7, 48, 84, 94.3, 147, 149, 171.1, 199.2, 200.1.2, 207.2.1.2, 244, 264.2, 310.7, 365, 384, 462, 473, 699, 752, 786, 799, 875, 883, 913, 943, 985.3, 987.3, 997, 1035, 1065.1, 1077, 1111.14, 1139.3, 1299, 1305.2, 1407, 1439, 1443.4, 1456, 1497.1, 1669, 1672.1, 1728.1, 1733, 1819, 1869, 1894, 1907, 1925.3, 1973.6, 1982, 2130.1, 2132.17, 2169
1978	6, 44, 61.1, 157, 184, 188.1.1, 189, 223, 264.3, 269, 311.1, 468, 472, 538, 544, 547, 609, 704, 748, 767, 777.2, 800, 835, 839, 897.4, 899, 915, 926, 950, 964, 985.4, 1038, 1111.15, 1139.4, 1179, 1262, 1279, 1298, 1307, 1437, 1443.5, 1516, 1598, 1625, 1672.2, 1690, 1780, 1809, 1820, 1837, 1855, 1856.1, 1884, 1894.1, 1905.1, 1912, 1933, 1957, 1974, 1977, 2101.2
1979	3, 4, 50, 61.2, 86, 98, 148.2, 188.1.2, 188.2.1, 188.2.2, 253, 311.2, 354, 386, 427, 469, 749, 776, 783, 918, 936.5, 1029, 1057, 1059, 1081, 1111.16, 1139.5, 1173, 1264.4, 1280, 1282, 1400, 1411, 1425, 1443.6, 1487.1, 1599, 1627, 1657, 1672.3, 1691, 1736, 1794, 1823, 1866, 1894.2, 1920, 1934, 1956, 1974.1, 1984, 2130.2
1980	61.3, 188.1.3, 188.2.3, 268, 298, 311.3, 333, 459, 479, 575.8, 867.3, 874, 951, 985.5, 985.6, 1026, 1028, 1111.17, 1233, 1305.1, 1448, 1480.2, 1487.2, 1672.4, 1894.3, 1899.1, 1905.2, 1974.2, 1998.1
1981	61.4, 89, 171.2, 188.1.4, 188.1.5, 188.2.4, 204, 224.6, 245, 307, 396, 641, 797, 887.1, 935, 983, 985.7, 1111.18, 1139.6, 1196, 1205, 1260, 1305.6, 1327, 1624, 1728.2, 1785, 1827, 1914.1, 1974.3, 2127
1982	61.5, 94.4, 102, 188.2.5, 237.3, 311.4, 431.1, 454, 860, 897.5, 936.1, 985.8, 988, 1102, 1111.19, 1126, 1305.4, 1374.1, 1443.7, 1480.3, 1487.3, 1700.1, 1700.2, 1749, 1894.4, 1944, 1974.4, 2054
1983	61.6, 114, 416, 425, 431.2, 431.3, 542, 636,717, 843, 871, 967, 989.1, 1026.1, 1049.1, 1078, 1085, 1111.20, 1120.2, 1135, 1139.7, 1217, 1239, 1264.5, 1273.1, 1305.5, 1412, 1513, 1515, 1637, 1672.5.1, 1900.1, 1900.2, 1914.2, 1974.5, 2033.1.1, 2037, 2118.6
1984	61.7, 114.1, 116.1, 311.5, 324, 409.1, 410.1, 415, 431.4, 524, 568.1, 740, 989.2, 1007, 1022, 1065.2, 1082, 1111.21, 1120.3.1, 1264.6, 1443.8, 1487.4, 1497.2, 1672.5.2, 1700.3, 1894.5, 1899.2.1, 1900.3, 1941, 1974.6
1985	21.1, 22, 61.8, 115, 126, 128, 171.3, 199.3, 228, 324, 409.2, 409.3, 426, 431.6, 442, 460.3, 542.1, 543, 568.2, 568.3, 632, 702, 802, 896, 919, 941, 989.3, 989.4, 1009, 1036, 1139.8, 1143, 1147, 1160.2, 1192, 1252.2, 1273.2, 1276, 1369, 1375, 1480.4, 1515.1, 1700.4, 1706.1, 1728.3, 1816, 1882, 1899.2.2, 1900.4, 1905.3, 1914.3, 1974.7, 2050, 2085
1986	11.1, 61.9, 76, 204.1, 224.7, 311.6, 389, 409.4, 414, 431.5, 431.7, 549, 568.4, 568.5, 624, 1120.3.2, 1159.1, 1243.1, 1264.7, 1305.3, 1443.9, 1453, 1487.5, 1705, 1706.2, 1894.6, 1899.2.3, 1899.2.4, 1900.5, 1942, 1974.8
1987	11.2, 21.2, 61.10, 90, 94.5, 151, 173, 178, 256, 431.8, 542.2, 568.6, 603, 986.1, 1139.9, 1160.1, 1221, 1225, 1282.1, 1314, 1485, 1515.2, 1666, 1700.5, 1862, 1899.2.5, 1910, 1949.1, 1974.9, 2136
1988	11.3, 61.11, 152, 163.1.1, 164, 222, 273, 311.7, 323, 407.1.1, 568.7, 761, 767.1, 840, 898, 958-960, 986.2, 989.5, 1121, 1149, 1150, 1164.82, 1234, 1380, 1697, 1758, 1811, 1905.4, 1923, 1974.10, 2018, 2019, 2040, 2104, 2131.1, 2131.2, 2136
1989	11.4, 56,61.12, 129.1, 151.1, 163.1.2, 166, 208, 359, 407.1.2, 431.9, 466, 522, 564, 762, 936.2, 965, 986.3, 1064.2, 1106, 1164.54, 1185, 1243.2, 1278, 1331, 1396, 1575, 1603, 1787, 1867, 1877-1879, 1903, 1905.5, 1974.11, 1998.2, 2022.5, 2036, 2043,2131.3, 2131.4, 2136, 2157.1
1990	52, 61.13, 79, 148.3, 152.1, 219, 285, 311.8, 409.5,418, 431.10, 431.11, 460.4, 511, 560, 566, 568.1.1, 657, 743, 762.1, 777.3, 820, 840.1, 888, 897.6, 920, 971, 986.4, 995, 1045, 1109, 1121.1, 1144, 1164.13, 1216, 1264.8, 1383, 1393, 1415, 1429, 1479, 1489, 1555, 1590, 1631, 1686, 1706.3, 1854, 1854.1, 1877.1, 1905.6, 1911, 1937, 2052, 2120, 2136, 2139, 2146
1991	11.5, 51, 88, 112, 151.2, 160.1, 160.2, 172, 190,448, 458.2, 492, 552, 640, 653, 665, 690, 728, 741, 770, 825, 850, 855.6, 880, 907, 955, 992, 1040, 1058, 1064.3, 1162, 1164.8, 1168.1, 1185.1, 1241.1-1241.9, 1292, 1337, 1342, 1349, 1361, 1374.2.1, 1416, 1417, 1421, 1600, 1642.1, 1670, 1859, 1878.1, 1879.1, 1905.7, 1961, 1974.12, 2083, 2176.1
1992	11.6, 19, 49, 61.14, 68, 94.6, 119, 138, 140, 152.2, 160.3-160.6, 162, 168, 171.4, 183.7.1, 207.3, 210.1, 243, 300, 312.1, 317, 332, 335, 336, 351, 391, 393, 408.2, 417, 423, 447, 451.1, 488, 493, 510, 513, 528, 545, 558, 575.5, 575.6, 590, 600, 616, 620, 631, 638, 642, 647, 649, 655, 662, 666, 667, 684, 697, 703, 708, 750, 762.2, 773, 791.1-791.4, 794, 795, 833, 863, 867.2, 876, 916, 922, 928, 931, 936.4, 952, 986.5, 1015, 1031, 1037, 1039, 1066, 1084, 1100, 1123, 1145, 1148, 1152, 1164.50, 1164.73, 1171, 1187, 1209, 1241.10-1241.13, 1258, 1294, 1302, 1303, 1334, 1335, 1339, 1345, 1347, 1348, 1352, 1356, 1368, 1374.2.2, 1387, 1391, 1398, 1404, 1419, 1421.2, 1430, 1452, 1461.3, 1476, 1506, 1511, 1512, 1564, 1579.4, 1588, 1660.2.1, 1660.2.2, 1660.3.1, 1660.3.2, 1661.1, 1674, 1693, 1706.5, 1731, 1751, 1753, 1757, 1766, 1779, 1803, 1806, 1808, 1824, 1836, 1876, 1877.2, 1887, 1891, 1927, 1931.1, 1974.13, 2000.1, 2000.2, 2031, 2152, 2162, 2177.1
1993	11.7, 13, 32, 55, 59, 74, 83, 99, 103, 141, 151.3, 156, 160.7-160.9, 197, 210.2, 236, 252, 270, 319, 343, 407.2, 422, 431.12, 431.13, 460.5, 530, 600, 625, 629, 639, 643, 645, 658-661, 667, 668, 710.1, 732, 747, 755, 756.1, 764, 782, 791.5-791.7, 803, 829, 868.1, 885, 887.2, 892, 895, 904, 930, 966, 986.6, 1005, 1072, 1079, 1099, 1105, 1164.24, 1164.83, 1165, 1215, 1271.3, 1287, 1301, 1306, 1336, 1350, 1357, 1360, 1370, 1371, 1374.3, 1384, 1386, 1388, 1390, 1392, 1488, 1500, 1503, 1507, 1571, 1601, 1612, 1619, 1623, 1633, 1660.2.3-1660.2.5, 1660.3.3, 1660.3.4, 1661.2, 1676, 1706.4, 1707, 1715, 1755, 1789, 1793, 1796, 1797, 1826, 1828, 1878.2, 1880, 1885, 1891.1, 1895, 1897.1, 1901, 1905.8, 1924.1, 1947.1.1-1947.1.5, 1949.2, 1971, 1991, 1998.3, 2010, 2021.1, 2110, 2173
1994	47, 60, 61.15, 87, 132, 135.1.1-135.1.17, 137, 139, 152.3, 160.10, 179, 210.3, 210.4, 211, 246, 272, 296, 315, 334, 364, 392, 398, 461, 471, 483, 590.1, 615, 624.1, 626, 646, 648, 656, 680, 681,701, 713, 716, 723, 731, 756.2, 762.3, 771, 775, 779, 788, 790.1, 796, 804.1-804.50, 842, 844, 847, 858, 868.2, 942, 994, 1033, 1100.1, 1103, 1122, 1155, 1164.33, 1164.74, 1164.75, 1164.88, 1168.2, 1207, 1211, 1230, 1240, 1244, 1263, 1264.9, 1264.10, 1290, 1329, 1333, 1340, 1343, 1344, 1353, 1364, 1367, 1374.4, 1378, 1385, 1397.1.1, 1405, 1414, 1460, 1495.1, 1497.3, 1499, 1509, 1573.1, 1604, 1642.2, 1660.2.6-1660.2.8, 1660.3.5-1660.3.7, 1675, 1678, 1692, 1694, 1714, 1746, 1848, 1861, 1877.3, 1897.2, 1901.1, 1935, 1940, 1947.1.6-1947.1.14, 1974.14 ,2114.1, 2133, 2160.1.1, 2161, 2177.2
1995	58, 92, 135.1.18-135.1.24, 135.2.1-135.2.6, 142, 151.4, 183.3.1, 210.5, 210.6, 218, 235, 249, 275, 342, 353, 357, 360.1-360.14, 395, 413, 413.1, 443, 444, 449, 489, 491, 535, 551, 561, 567, 590.2, 627, 664, 686, 694, 721, 744, 757, 762.4, 768, 790.2-790.5, 804.51-804.96, 819, 855.8, 870, 889, 902, 979.1, 1023, 1030, 1048, 1055, 1137, 1161, 1163, 1164.3, 1164.20, 1164.44, 1164.45, 1164.52, 1164.69, 1194, 1264.11, 1318, 1332, 1346, 1355, 1358, 1364, 1374.5, 1382, 1397.1.2, 1406, 1436, 1447, 1458, 1467, 1473, 1482, 1491, 1504.1, 1510, 1523, 1604.1, 1604.2, 1660.1, 1660.2.9-1660.2.12, 1660.3.8-1660.3.10, 1662, 1673, 1703, 1708.1, 1709, 1738, 1740, 1801, 1802, 1832, 1849, 1872, 1878.3, 1901.1.1, 1904, 1939, 1940.1, 1947.1.15-1947.1.19, 1970, 1998.4, 2000.3, 2011, 2041, 2075, 2076, 2112, 2132.16, 2157.1.1, 2160.2.1, 2160.3.1, 2160.4.1, 2167
1996	5, 19.1, 35, 113, 135.2.7-135.2.12, 148.4, 152.4, 169, 180, 191.1-191.3, 195, 199.4, 217.1-217.10, 275.1, 291, 293, 346.1, 360.15-360.39, 387.1, 387.2, 390, 413.2, 431.14, 431.15, 486, 500, 512, 523, 574, 594, 597, 604, 651, 654, 679, 726, 727, 764.1, 774, 790.6-790.8, 801.1, 804.97-804.123, 842.1, 843.1, 845, 868.3, 877, 882, 945.1, 979.2, 986.7, 999, 1001, 1002, 1013, 1021, 1042, 1063, 1069, 1089, 1100.2, 1125, 1164.15, 1164.23, 1164.29.2, 1164.47, 1164.53, 1164.56, 1164.64, 1177, 1183, 1228, 1229, 1269, 1285, 1317, 1341, 1354, 1363, 1366, 1397.2, 1418, 1469, 1504.2, 1591, 1626, 1660.2.13, 1660.3.11, 1671, 1684, 1708.2, 1759, 1764, 1765, 1772.1-1772.5, 1781, 1831, 1874, 1877.4, 1897.3, 1898.1, 1898.2, 1924.2, 1967, 1969, 1980, 1998.5, 2022.5.1, 2032, 2042, 2097, 2114.2, 2119, 2126, 2139.1, 2160.5.1, 2160.6.1, 2160.7.1, 2160.8.1, 2177.3, 2179
1997	10, 54, 67, 69, 75, 97, 143, 169, 191.4, 191.5, 217.11-217.19, 260, 279, 287, 308, 387.3, 431.16, 440, 467, 485, 499, 534, 563, 587, 597, 652, 663, 729, 730, 772, 790.9, 790.10, 792, 804.124-804.132, 821, 837.1, 849, 868.4, 886, 906, 908, 911, 921,940.1-940.3, 946.1, 956, 979.3, 980, 986.8, 1004, 1086, 1096, 1156, 1164.6, 1164.10.1, 1164.17.1, 1164.26, 1164.28, 1164.29.1, 1164.36, 1164.38, 1164.42, 1164.57, 1164.86, 1200, 1206, 1232, 1246, 1308, 1318.1, 1362, 1365, 1372.1, 1409, 1454, 1504.3-1504.6, 1521, 1522, 1565, 1589, 1613, 1643, 1645, 1713.1, 1722, 1726, 1739, 1742, 1745, 1772.6, 1772.7, 1773, 1774, 1792.1, 1830, 1873, 1892, 1896, 1897.4, 1898.3-1898.5, 1916, 2001, 2009.1, 2022.5.2, 2049.1, 2064, 2098, 2106.1, 2111, 2145, 2156.4.1, 2160.10.1
1998	53, 64, 71, 110, 148.5, 167.1.1-167.1.3, 167.2.1, 191.6, 191.7, 198, 216, 217.20-217.28, 227, 282, 291.1, 306, 322, 325, 371-373, 381, 387.4, 419, 431.17, 440.1, 460.6, 490, 575.6.1, 577, 590.3, 590.4, 607, 610, 616.1, 650, 683.1, 688, 720, 725, 734, 746, 763, 801.2, 817.1-817.3, 823, 832, 842.2, 851, 868.5, 905, 912, 940.4-940.6, 946.2, 1100.2.1, 1100.3, 1164.4, 1164.9, 1164.11, 1164.17.2, 1164.21.1, 1164.22, 1164.55, 1164.58, 1164.59, 1164.61, 1164.63, 1164.65, 1164.70, 1164.76, 1164.81, 1164.89, 1170, 1182, 1186, 1242, 1359, 1372.2, 1373, 1374.6, 1379, 1397.3, 1403, 1477, 1490, 1498.1, 1504.7-1504.10, 1517, 1596, 1618, 1659, 1667, 1668, 1682, 1701, 1725, 1744.1, 1746.1, 1772.8-1772.10, 1788, 1805, 1807, 1825, 1874.1, 1883, 1898.6, 1924.3, 1931.2, 1932, 1960, 2003, 2057, 2061, 2065.1-2065.4, 2099, 2115, 2143.2.1, 2148, 2160.11.1, 2160.12.1, 2174
1999	10.1, 65, 66, 81, 94.7, 104, 109, 111, 167.2.2, 177, 191.8, 191.9, 214, 217.29-217.36, 233, 271, 277, 315.1, 341.1, 348, 356, 356.1, 361, 368, 369, 375, 376, 380, 387.5, 387.6, 431.18, 439, 458.3, 460.7, 501, 526, 576, 584, 584.1, 584.2, 617, 622, 635, 683.2-683.5, 696, 720.1, 759, 765, 801.3, 811.1, 812, 813, 815, 816, 817.4-817.8, 848, 881, 884, 944, 945.3, 969, 979.4, 1020.1, 1024, 1032.1-1032.3, 1052, 1053, 1070, 1074, 1104, 1112, 1130, 1164.7, 1164.16.1, 1164.18, 1164.19, 1164.21.2, 1164.25, 1164.27.1, 1164.31, 1164.37, 1164.43, 1164.48, 1164.49, 1164.62, 1164.67.1, 1164.72, 1164.78, 1189, 1216.1, 1317.1, 1374.8, 1397.4, 1427, 1428.1, 1496, 1498.2, 1501, 1504.11-1504.15, 1505, 1572, 1630, 1647.1, 1651, 1652, 1660.2.14, 1671.1, 1704.1, 1744.2, 1772.11-1772.13, 1804.1, 1875, 1897.5, 1938, 1938.1-1938.3, 1965, 1978, 1979, 1998.6, 2026, 2057, 2065.5-2065.8, 2068, 2069, 2090, 2096, 2098.1, 2116, 2125, 2143.2.2, 2143.2.3, 2160.13.1, 2160.14.1, 2164
2000	29, 75.1, 82, 95, 106, 118, 120, 130, 136, 148.6, 165, 191.10, 191.11, 212, 217.37-217.42, 225, 229, 230, 255, 289, 297.3.1, 302, 320, 346.2, 370, 374, 377-379, 388, 403, 421, 428, 431.19, 441, 458.4, 460.8, 474, 481, 487, 565, 572, 586, 588.1, 596, 601, 613, 634, 683.6-683.10, 709, 733, 745, 746.1, 759.1, 789, 793, 809, 811.2, 822, 822.2, 824.1, 826, 827, 836, 903, 905.1, 929, 937, 947, 973, 1011.1, 1020.2, 1032.4-1032.6, 1051, 1080, 1093, 1127, 1128, 1141, 1142, 1164.5, 1164.14, 1164.16.2, 1164.32, 1164.34, 1164.35, 1164.40, 1164.41, 1164.51, 1164.67.2, 1164.77, 1164.79.1, 1164.80, 1164.85, 1164.87, 1180, 1184, 1227, 1245, 1249, 1250, 1251, 1254, 1255, 1268, 1277, 1283, 1373.1, 1376, 1420, 1424, 1431, 1454.1, 1458.2, 1463, 1474, 1483, 1486, 1504.16-1504.21, 1508, 1565.2, 1567, 1570, 1596.1, 1597, 1615-1617, 1644, 1646, 1647.2, 1647.3, 1649, 1654, 1655, 1696, 1701.1, 1719, 1732, 1747, 1752, 1767, 1771, 1772.14, 1772.15, 1812-1814, 1858, 1865, 1868, 1889, 1893, 1938.4-1938.6, 1944.1, 1964, 1968, 1994, 2024, 2045.1, 2049.2, 2063, 2065.9-2065.13, 2070, 2079, 2084, 2094.2, 2099.1, 2121, 2151, 2160.15.1
2001	14, 20, 27, 81.1, 108, 117, 122, 127, 133, 134, 155, 165.1, 174.1, 185, 185.1, 191.12, 191.13, 196, 201, 202, 217.43-217.48, 257, 258, 259, 276, 278, 288, 290, 292, 294, 304, 305, 320, 339, 355, 367, 399, 429, 431.20, 432, 434, 435, 437, 438, 452, 456, 456.1, 458.5, 464, 465, 470, 478, 480, 481, 496, 498, 508, 517,519, 525, 529, 546, 555-557, 559, 570, 578, 584.3, 588.2, 590.5, 602, 605, 611, 621, 683.11, 683.12, 687, 692.1, 705, 719, 722, 760, 766, 798, 808, 811.3, 814, 822.1, 824, 828, 830, 834, 838, 842.3, 846, 861, 862, 878, 891, 909, 917, 924, 946.3, 948, 954, 957, 979.5, 982, 984, 1003, 1010, 1011.2, 1034, 1041, 1043, 1050, 1056, 1063.1, 1071, 1073, 1090, 1095, 1113, 1146, 1153, 1164.10.2, 1164.12, 1164.27.2, 1164.30, 1164.39, 1164.46, 1164.60, 1164.66, 1164.68, 1164.79.2, 1164.90, 1166, 1167, 1174, 1181, 1182.1, 1184.1, 1190, 1208, 1212, 1232.1, 1236, 1265, 1267, 1281, 1284, 1316, 1319, 1328, 1351, 1373.2, 1377, 1395, 1397.5, 1397.6, 1402, 1422, 1423, 1428.2, 1446, 1449, 1457, 1459, 1462, 1470, 1492, 1498.3, 1502, 1504.22, 1504.23-1504.27, 1566, 1592, 1648, 1650, 1652.1, 1656.2, 1677, 1683, 1685, 1689, 1698, 1704.2, 1720, 1721, 1723, 1734, 1743, 1768, 1772.16-1772.18, 1776, 1781.2, 1784, 1786, 1791, 1804.1.1, 1804.2, 1804.3, 1813, 1821, 1822, 1835, 1840, 1845, 1847, 1861.1, 1874.2, 1897.6, 1913, 1919, 1930, 1938.7, 1938.8, 1966, 1969.1, 1987, 1988, 2012, 2018.2.1, 2025, 2034, 2065.14-2065.17, 2071, 2072, 2077, 2129, 2158.1
2002	9, 73, 93, 165.2, 176, 181, 217.49, 247, 251, 274, 275.2, 286.1, 326, 431.21, 456.2, 458.6, 463, 476, 495, 497, 532, 548, 571, 593, 683.13, 724, 754, 761.1, 807, 974, 1012, 1019, 1068, 1164.1, 1164.2, 1164.71, 1164.84, 1199, 1201.2, 1373.3, 1374.7, 1376.1, 1574.1, 1576.1, 1577.1, 1578.2, 1579.5, 1580.1, 1581.3, 1582.2, 1583.1, 1584.2, 1585.1, 1591.1, 1702, 1908, 1915, 1958
